1111111111111111111111111111111111111111111111111111111111111111111111111111111111111111111111
1000000000000000000000000000000000000000000001000000000000000000000000000000000000000000000001
1000000000000000000000000000000000000000000001000000000000000000000000000000000000000000000001
1000000000000000000000000000000000000000000001000000000000000000000000000000000000000000000001
1000000000000000000000000000000000000000000001000000000000000000000000000000000000000000000001
1111111112222111122221111222211112222111100001111222211112222111122221111222211112222111100001
1000000000000000000000000000010000000000000000000000000000000000000000000000000000000000000001
1000000000000000000000000000010000000000000000000000000000000000000000000000000000000000000001
1000000000000000000000000000010000000000000000000000000000000000000000000000000000000000000001
1000000000000000000000000000010000000000000000000000000000000000000000000000000000000000000001
1111122221111000011112222111110000111222211110000111122221111000011112222111100001111222211111
1000000000000000000000000000000000000000000000000000000000001000000000000000000000000000000001
1000000000000000000000000000000000000000000000000000000000001000000000000000000000000000000001
1000000000000000000000000000000000000000000000000000000000001000000000000000000000000000000001
1000000000000000000000000000000000000000000000000000000000001000000000000000000000000000000001
1000011112222111122221111222211112222111100001111222211122221111122221111222211112222111100001
1000000000000000000000000000010000000000000000000000000000000000000000000000000000000000000001
1000000000000000000000000000010000000000000000000000000000000000000000000000000000000000000001
1000000000000000000000000000010000000000000000000000000000000000000000000000000000000000000001
1000000000000000000000000000010000000000000000000000000000000000000000000000000000000000000001
1111122221111000011112222111110000111222211110000111122221111000011112222111100001111222211111
1000000000000000000000000000000000000000000000000000000000001000000000000000000000000000000001
1000000000000000000000000000000000000000000000000000000000001000000000000000000000000000000001
1000000000000000000000000000000000000000000000000000000000001000000000000000000000000000000001
1000000000000000000000000000000000000000000000000000000000001000000000000000000000000000000001
1000011112222111122221111222211112222111100001111222211122221111122221111222211112222111100001
1000000000000000000000000000010000000000000000000000000000000000000000000000000000000000000001
1000000000000000000000000000010000000000000000000000000000000000000000000000000000000000000001
1000000000000000000000000000010000000000000000000000000000000000000000000000000000000000000001
1000000000000000000000000000010000000000000000000000000000000000000000000000000000000000000001
1111122221111000011112222111110000111222211110000111122221111000011112222111100001111222211111
1000000000000000000000000000000000000000000000000000000000001000000000000000000000000000000001
1000000000000000000000000000000000000000000000000000000000001000000000000000000000000000000001
1000000000000000000000000000000000000000000000000000000000001000000000000000000000000000000001
1000000000000000000000000000000000000000000000000000000000001000000000000000000000000000000001
1000011112222111122221111222211112222111100001111222211122221111122221111222211112222111100001
1000000000000000000000000000010000000000000000000000000000000000000000000000000000000000000001
1000000000000000000000000000010000000000000000000000000000000000000000000000000000000000000001
1000000000000000000000000000010000000000000000000000000000000000000000000000000000000000000001
1000000000000000000000000000010000000000000000000000000000000000000000000000000000000000000001
1111122221111000011112222111110000111222211110000111122221111000011112222111100001111222211111
1000000000000000000000000000000000000000000000000000000000001000000000000000000000000000000001
1000000000000000000000000000000000000000000000000000000000001000000000000000000000000000000001
1000000000000000000000000000000000000000000000000000000000001000000000000000000000000000000001
1000000000000000000000000000000000000000000000000000000000001000000000000000000000000000000001
1000011112222111122221111222211112222111100001111222211122221111122221111222211112222111111111
1000000000000000000000000000000000000000100000000000000000000000000000000000000000000000000001
1000000000000000000000000000000000000000100000000000000000000000000000000000000000000000000001
1000000000000000000000000000000000000000100000000000000000000000000000000000000000000000000001
1000000000000000000000000000000000000000100000000000000000000000000000000000000000000000000001
1111111111111111111111111111111111111111111111111111111111111111111111111111111111111111111111